

cells={}

def plot_neighbours():

  cells[(1,1)] = [(2,1)]
  cells[(1,2)] = [(1,3)]
  cells[(1,3)] = [(1,2),(1,4),(2,3)]
  cells[(1,4)] = [(1,3)]
  cells[(1,5)] = [(2,5),(1,6)]
  cells[(1,6)] = [(1,5),(1,7)]
  cells[(1,7)] = [(1,6),(2,7),(1,8)]
  cells[(1,8)] = [(1,7),(1,9)]
  cells[(1,9)] = [(1,8),(2,9)]
  cells[(1,10)]= [(1,11),(2,10)]
  cells[(1,11)]= [(1,10)]

  cells[(2,1)] = [(1,1),(2,2)]
  cells[(2,2)] = [(2,1),(3,2),(2,3)]
  cells[(2,3)] = [(2,2),(1,3),(2,4)]
  cells[(2,4)] = [(2,3),(2,5)]
  cells[(2,5)] = [(2,4),(1,5),(3,5)]
  cells[(2,6)] = [(3,6),(2,7)]
  cells[(2,7)] = [(2,6),(1,7)]
  cells[(2,8)] = [(3,8),(2,9)]
  cells[(2,9)] = [(2,8),(1,9),(3,9),(2,10)]
  cells[(2,10)]= [(2,9),(1,10),(3,10),(2,11)]
  cells[(2,11)]= [(2,10),(3,11)]

  cells[(3,1)] = [(4,1)]
  cells[(3,2)] = [(2,2),(4,2)]
  cells[(3,3)] = [(4,3),(3,4)]
  cells[(3,4)] = [(3,3),(4,4),(3,5)]
  cells[(3,5)] = [(3,4),(2,5),(3,6)]
  cells[(3,6)] = [(3,5),(2,6),(3,7)]
  cells[(3,7)] = [(3,6),(4,7),(3,8)]
  cells[(3,8)] = [(3,7),(2,8)]
  cells[(3,9)] = [(2,9),(4,9)]
  cells[(3,10)]= [(2,10),(4,10)]
  cells[(3,11)]= [(2,11)]

  cells[(4,1)] = [(3,1),(5,1),(4,2)]
  cells[(4,2)] = [(4,1),(3,2)]
  cells[(4,3)] = [(3,3),(5,3)]
  cells[(4,4)] = [(3,4)]
  cells[(4,5)] = [(4,6)]
  cells[(4,6)] = [(4,5),(4,7),(5,6)]
  cells[(4,7)] = [(4,6),(3,7),(4,8)]
  cells[(4,8)] = [(4,7),(5,8)]
  cells[(4,9)] = [(3,9),(4,10)]
  cells[(4,10)]= [(3,10),(4,9),(5,10)]
  cells[(4,11)]= [(5,11)]

  cells[(5,1)] = [(4,1),(6,1)]
  cells[(5,2)] = [(6,2),(5,3)]
  cells[(5,3)] = [(5,2),(4,3),(5,4)]
  cells[(5,4)] = [(5,3),(6,4)]
  cells[(5,5)] = [(6,5),(5,6)]
  cells[(5,6)] = [(5,5),(4,6),(5,7),(6,6)]
  cells[(5,7)] = [(5,6),(6,7)]
  cells[(5,8)] = [(4,8),(6,8),(5,9)]
  cells[(5,9)] = [(5,8),(5,10)]
  cells[(5,10)]= [(5,9),(4,10),(6,10)]
  cells[(5,11)]= [(4,11),(6,11)]

  cells[(6,1)] = [(5,1),(7,1),(6,2)]
  cells[(6,2)] = [(6,1),(5,2)]
  cells[(6,3)] = [(7,3),(6,4)]
  cells[(6,4)] = [(6,3),(5,4),(7,4),(6,5)]
  cells[(6,5)] = [(6,4),(5,5),(7,5),(6,6)]
  cells[(6,6)] = [(6,5),(5,6),(7,6),(6,7)]
  cells[(6,7)] = [(6,6),(5,7),(7,7),(6,8)]
  cells[(6,8)] = [(6,7),(5,8),(6,9)]
  cells[(6,9)] = [(6,8),(7,9)]
  cells[(6,10)]= [(5,10),(6,11)]
  cells[(6,11)]= [(6,10),(5,11),(7,11)]

  cells[(7,1)] = [(6,1),(8,1)]
  cells[(7,2)] = [(8,2),(7,3)]
  cells[(7,3)] = [(7,2),(6,3),(7,4)]
  cells[(7,4)] = [(7,3),(6,4),(8,4)]
  cells[(7,5)] = [(6,5),(7,6)]
  cells[(7,6)] = [(7,5),(6,6),(8,6),(7,7)]
  cells[(7,7)] = [(7,6),(6,7)]
  cells[(7,8)] = [(8,8)]
  cells[(7,9)] = [(6,9),(8,9),(7,10)]
  cells[(7,10)]= [(7,9),(8,10)]
  cells[(7,11)]= [(6,11),(8,11)]

  cells[(8,1)] = [(7,1),(8,2)]
  cells[(8,2)] = [(8,1),(7,2),(9,2)]
  cells[(8,3)] = [(9,3)]
  cells[(8,4)] = [(7,4),(8,5)]
  cells[(8,5)] = [(8,4),(8,6)]
  cells[(8,6)] = [(8,5),(7,6),(9,6),(8,7)]
  cells[(8,7)] = [(8,6),(9,7)]
  cells[(8,8)] = [(7,8),(9,7),(8,9)]
  cells[(8,9)] = [(8,8),(7,9)]
  cells[(8,10)]= [(7,10),(9,10),(8,11)]
  cells[(8,11)]= [(8,10),(7,11),(9,11)]

  cells[(9,1)] = [(10,1)]
  cells[(9,2)] = [(8,2),(10,2),(9,3)]
  cells[(9,3)] = [(9,2),(8,3),(10,3)]
  cells[(9,4)] = [(10,4),(9,5)]
  cells[(9,5)] = [(9,4),(10,5)]
  cells[(9,6)] = [(8,6),(10,6),(9,7)]
  cells[(9,7)] = [(9,6),(8,7),(10,7),(9,8)]
  cells[(9,8)] = [(9,7),(8,8),(9,9)]
  cells[(9,9)] = [(9,8),(10,9)]
  cells[(9,10)]= [(8,10)]
  cells[(9,11)]= [(8,11)]

  cells[(10,1)] = [(9,1),(11,1)]
  cells[(10,2)] = [(9,2),(11,2)]
  cells[(10,3)] = [(9,3),(10,4)]
  cells[(10,4)] = [(10,3),(9,4),(11,4)]
  cells[(10,5)] = [(9,5),(10,6)]
  cells[(10,6)] = [(10,5),(9,6),(11,6)]
  cells[(10,7)] = [(9,7),(11,7)]
  cells[(10,8)] = [(11,8),(10,9)]
  cells[(10,9)] = [(10,8),(9,9),(10,10)]
  cells[(10,10)]= [(10,9),(11,10),(10,11)]
  cells[(10,11)]= [(10,10),(11,11)]

  cells[(11,1)] = [(10,1),(11,2)]
  cells[(11,2)] = [(11,1),(10,2)]
  cells[(11,3)] = [(11,4)]
  cells[(11,4)] = [(11,3),(10,4)]
  cells[(11,5)] = [()]
  cells[(11,6)] = [(10,6),(11,7)]
  cells[(11,7)] = [(11,6),(10,7)]
  cells[(11,8)] = [(10,8),(11,9)]
  cells[(11,9)] = [(11,8),(11,10)]
  cells[(11,10)]= [(11,9),(10,10)]
  cells[(11,11)]= [(10,11)]


